name: fitness-app
channels:
- conda-forge
dependencies:
- asgiref=3.8.1=pyhd8ed1ab_0
- backports=1.0=pyhd8ed1ab_3
- backports.zoneinfo=0.2.1=py38h91455d4_8
- brotli-python=1.1.0=py38hd3f51b4_1
- bzip2=1.0.8=hcfcfb64_5
- ca-certificates=2024.6.2=h56e8100_0
- certifi=2024.6.2=pyhd8ed1ab_0
- charset-normalizer=3.3.2=pyhd8ed1ab_0
- django=4.1.5=pyhd8ed1ab_0
- django-cors-headers=4.2.0=pyhd8ed1ab_0
- django-picklefield=3.1=pyhd8ed1ab_0
- idna=3.7=pyhd8ed1ab_0
- intel-openmp=2024.1.0=h57928b3_966
- libblas=3.9.0=22_win64_mkl
- libcblas=3.9.0=22_win64_mkl
- libffi=3.4.2=h8ffe710_5
- libhwloc=2.10.0=default_h8125262_1001
- libiconv=1.17=hcfcfb64_2
- liblapack=3.9.0=22_win64_mkl
- libsqlite=3.46.0=h2466b09_0
- libxml2=2.12.7=h283a6d9_1
- libzlib=1.3.1=h2466b09_1
- m2w64-gcc-libgfortran=5.3.0=6
- m2w64-gcc-libs=5.3.0=7
- m2w64-gcc-libs-core=5.3.0=7
- m2w64-gmp=6.1.0=2
- m2w64-libwinpthread-git=5.0.0.4634.697f757=2
- mkl=2024.1.0=h66d3029_692
- msys2-conda-epoch=20160418=1
- numpy=1.24.4=py38h1d91fd2_0
- openssl=3.3.1=h2466b09_0
- packaging=24.1=pyhd8ed1ab_0
- pandas=2.0.3=py38hf08cf0d_1
- pip=24.0=pyhd8ed1ab_0
- platformdirs=4.2.2=pyhd8ed1ab_0
- pooch=1.8.2=pyhd8ed1ab_0
- pthreads-win32=2.9.1=hfa6e2cd_3
- pysocks=1.7.1=pyh0701188_6
- python=3.8.19=h4de0772_0_cpython
- python-dateutil=2.9.0=pyhd8ed1ab_0
- python-tzdata=2024.1=pyhd8ed1ab_0
- python_abi=3.8=4_cp38
- pytz=2024.1=pyhd8ed1ab_0
- requests=2.32.3=pyhd8ed1ab_0
- scipy=1.10.1=py38h1aea9ed_3
- setuptools=70.0.0=pyhd8ed1ab_0
- six=1.16.0=pyh6c4a22f_0
- sqlparse=0.5.0=pyhd8ed1ab_0
- tbb=2021.12.0=hc790b64_1
- tk=8.6.13=h5226925_1
- typing_extensions=4.12.2=pyha770c72_0
- tzdata=2024a=h0c530f3_0
- ucrt=10.0.22621.0=h57928b3_0
- urllib3=2.2.1=pyhd8ed1ab_0
- vc=14.3=h8a93ad2_20
- vc14_runtime=14.40.33810=ha82c5b3_20
- vs2015_runtime=14.40.33810=h3bf8584_20
- wheel=0.43.0=pyhd8ed1ab_1
- win_inet_pton=1.1.0=pyhd8ed1ab_6
- xz=5.2.6=h8d14728_0

